Pair:  0
left:  [[[[8,7,8,5,4],6,[4,6]]],[6,[[]]],[]]
right: [[[[8,0,0,7,1],[1],8]]]

Pair:  1
left:  [[[5,8,[4,9,2],7,[8,0]],[9,5,[5,5]],[9,[3,3,8,4,8],[0,6]],5,3],[8,10,[[8,7,6,1,8],5,0,6,[5,1]],[7,[1],6],[6,2,1,[],[1,0,6,5]]],[1,1,[[2]]],[]]
right: [[10,4,[],7,[[10,1]]],[[4,2]],[[[5],[],[],[]],[4,5,[2,4,9]]],[[8,[],[1,3,9,7]],4,7]]

Pair:  3
left:  [[[3],8,6,[9,8]],[[8],[[6,5,2,9,0],[2,5,2,10]],9,3],[[2,8,6],7,4],[]]
right: [[[4,6,6,4],[[3,4,6],[5],[]],5,[[2],[6,0]]],[7,[1,0,4],7,[],9],[0,[5,6,[],[7,1,9],[3]],1],[9,9]]

Pair:  4
left:  [[[[],8]],[9,4,8],[[4,9,10,[8,4,8,2,1],[9,1,4,2,6]],[9,[],[2],[0,10]],10,[3,[8,10,1],[1,10,0],[10,6,4]],[[10,5,9],[2,1,10,7,9]]],[7]]
right: [[],[[[7,3,5],[9,6,4,4],[]]]]

Pair:  6
left:  [[[3],8,0,[[2,1],8,[8,10,4,0,0],2],7],[2,[[10,5,0,6]],2,1,[[7,5,10,3,5],7,8,1,[]]]]
right: [[[[0,2,2,8],3,7,[9,6,6,2,8],1],[[8,8,9,0],1]]]

Pair:  7
left:  [[[[10,10,5,8,0],4,4],[[],[10,0,9,10]],9,3]]
right: [[[7,[6,5,8,0],[6,1,0]],[],2]]

Pair:  8
left:  [[],[],[[2,[2,0,8,6],4,[6,1,7]],7,[[4,7,10,7,8],[3,7,1,4,0]]]]
right: [[[[],6,6,[]]],[[[],[4,7,8,4],10,[8,2,3],10],[[2],[10,0],6,8,[2,5,3,0]],5,[[10,5],[3,4,0],[0],[10,0,2,4],7]]]

Pair:  9
left:  [[[[],[3],7,[10,1,8],[5,5,5,5,4]],[8,[9,0,9],8,[7,2],5],4],[[9,[5,4,8],[8,7,8,9],[7],[6,7,4,2,9]],[4],[],[[7,3],0,[4,3,3,0],[4,2,3,0,2],[0,9]]],[7,[[],9]],[[],7,0]]
right: [[10,8,[10],6,10],[4,[6,[9,3,10,10,10],6,3,[6,9,2,3,9]],[1,1,5,8,0],[[9,3]]],[[[7,4,9,7,9],8,[7,9]],5],[5,[9,1,3,[5,0,8],7],4,[[],[],[2,7,8,0,0],[3,3,4,6,9]]],[[]]]

Pair:  10
left:  [[9,9,5,5],[5,[5],3,1,[10,7]],[],[4,4,[5,6,8],1],[]]
right: [[[9],8,8,3,10],[],[[[6,4,4,6],[]],[5,[5,7],[3,4]]],[3,[[],4,10,[7]],[6],6,[4,[10],3,[5,3]]]]

Pair:  11
left:  [[[[9,1,7,2,6],[10,5,6,5,9],4],0,3]]
right: [[1],[[8,8,3,[5],8],[],[[2],[],[10,4]]],[[[2,0],[],[3,0,3],8,4]],[]]

Pair:  12
left:  [[],[],[[7,[10,8,0,5,0],[8,4,8],[7,8,6,9],8],4,[[6,9,3,9,4],4]],[10,[1,7,3,[3,2],1],8,[8,[],[4],[]],[[9,1,3,4,10],[7,8,10,10],7,3]]]
right: [[[],[[9,4,2]],[[8]],[9,[],[7,2,2,10]],7]]

Pair:  13
left:  [[7,8,[[]],6],[[5,5,[5,9,6],9,[2,9,2,6]],2,8,8,[]]]
right: [[[[8,8,4],[2,4,3,10],[7,0,1,7],2],[[6,10],5,10],5,[3,0,2]],[[9,8],[[],[8,2,6,0]],[[10,10,2,0,8],7,2,6,9]]]

Pair:  14
left:  [[],[[[9,10,10,5,9],[6,4,10,2],10]],[9]]
right: [[[[2],9,4],5,[9]],[],[[[0],[1,5],[0,9,0]],[],3,7,[4,7,[0,7,1,4,5],[3,7,10],[6,3,1,3,8]]]]

Pair:  15
left:  [[1,[5],4,[]],[[],[6]],[3,[2],7,[0,7,[10,3],1,5],5],[[7],[3,5,7]],[3,[[4,4]],[9],[[6,4,9,0,7],[10],[2,6,0,8]]]]
right: [[],[[[2,5],[],[0,5,6,6]],2,5]]

Pair:  16
left:  [[],[[],[[1,1,2,7]],10,[1]],[9],[9,2,[[8,10,2,10],[5,7,5,2,2],0,[]],[]],[5,[[6,7],0,[9,8,4,8],[1,4]],[[6,5],[2,7]]]]
right: [[[],[[10,8,4,7],[9]]],[8,[[6],[]],[2,6,2],[5,[2,10,6,6],7,10],7],[4,[9,[6,4,0,6],[7],9,[2]],[2,7,1],3,[0,[7,2,1,2],5]]]

Pair:  17
left:  [[[],5],[[],[[10,8,2,10,3],[7,0,4,10,1]],4,9,[[3,2,0],3,4]],[[[10,1,6,8,0],[0,2],7],5,[4,[3,4,3]],3],[],[]]
right: [[],[0,[0],1,[9,[],0]],[0,10],[0,[4,[8,3,6],9,6],10,[[3],[1,3,8,3,10]],[2,[1,4,2,8],[4]]]]

Pair:  18
left:  [[8,[],[6,[2]],1,9]]
right: [[2,[],[],4,[5,5]],[5,7,[7,8],4,1]]

Pair:  20
left:  [[0,4,[]],[[1,10],4,[2,[9,3,0,4],[9,6,5,6]]]]
right: [[10,[2]],[7],[[[7],[9,0],[8,2],6,1],10,4],[[[6,6,9],8,[5]]],[0,2]]

Pair:  21
left:  [[4,[],[[1,8,8,6],0,[8,4,1],4,[3,6,1]]],[],[2,[3,[],[2,9,1,4],[6,8,6,6]],[2],[[4,8,3,8],[7,8,3],[9,6,5],8],[[4,6,3,0,0],10]],[3,6],[[[4,0,5,6]],[[3,9],1],5,1,8]]
right: [[1,4,10,1],[[[5,6],6,9,3,7],4]]

Pair:  22
left:  [[6,10,[10,2,[],3]],[[[1,6,2,3],2],2,7],[[[8,4],[9,1,0],9,[6,8,5,6]]],[[],[],3,[]],[8,[9,[8,6,0,8],[2,3,0]],[5,8],0,0]]
right: [[[],4,[],[9,[4],3],[4]],[[],4]]

Pair:  23
left:  [[8],[[[10,8,7],[4,8,5,2,2]],6,2,[9,[0,9,0,4],[],[1,9,1,6,1],5],8],[10,4,[6,[5,7],[1,0,9,7,3]]]]
right: [[6,0,3],[7,10],[[[0,3,3,8],7,[0,1,0],3],[[]]],[],[1,5,10,6,[10]]]

Pair:  24
left:  [[2,[[1,7,6,1,5],[5,5]],10],[[],5,10,[[5,0,6],[],[7,2]]],[[3,[]],[5,7,3]],[8,[[1,10,0],[3],[4,9,1,7]],7,[[4,10,1],[],5,2,[]]],[3,8,[],9,[]]]
right: [[[5,[3,4,5,9],7],4,2],[],[[[8,7,5],[]],3],[],[5]]

Pair:  25
left:  [[[[4],[1,5,6],[2,6,7,2,5],[6,6,9,6,1]],8,[[],5,2],[7,[1,5,1,6,10],[8],10]],[[8,[2,8,8,2,9],[],10],[9,10,[9],3,7],0,[7,[5,6,3],2],5],[6,3,[[6,8,6,7,4],0]],[2,[[8,0,9,3],10],[6],[]],[3,[[10,5],9,[7]],0,4]]
right: [[9,[4],7,[3,[4,7,4,7,7],[8,6,7,2,1],1]],[6,1],[4]]

Pair:  26
left:  [[[],1,9,4],[[[0],0,[10,4,4]],7]]
right: [[0,5],[9,[[2,4,5]],0,[[0,8,7,1,3],5]],[[9,8,9,8],[[7,5],6],2,9],[[5,[3,10,9,3,5],3,[]]]]

Pair:  27
left:  [[5,4,[1,1,5,[3,1,8,2],[7]]],[],[10,1,1,2,2],[2,[5],10]]
right: [[],[[8,6,[1,8]],6,3,[8]],[1,1],[8,6]]

Pair:  28
left:  [[[0,4,6,4],7,[[10,3,0,6],[9,5,5]],[9,6,[1],[1,8]]]]
right: [[],[[7,[],0],3,5,0],[]]

Pair:  29
left:  [[],[[[8],[2],4]]]
right: [[7],[[3,1,6,0,[0,9,5]]],[6]]

Pair:  30
left:  [[4,[10,[10],0,[2,1,8]],1],[[],6,[1,[1,0,7,1]]]]
right: [[[[0,4,7],[10,5,2,0],3,10],[0,[8],[2]],[[6,0,7,8],0,[4,6,8,0,4]]],[[[4,2,3,0,6],0,5,3,6]],[[6,[10],[3,10],[8]],[[9,1],[0,0,9,6,5],3],[[3,4,0,6,4],6,[],[0,7,1,5,5],4]],[[[6,1,6]],4,[5]]]

Pair:  31
left:  [[10,[0,3,[]]]]
right: [[],[6,[3]],[[5,5,9,[6,9],4]],[[10,8,2,7,1],4,[8,10,[2,2,10,1]],7],[1,[8],2,[0,3,[5,3,8,0]]]]

Pair:  33
left:  [[7,2,7],[3,2],[[2,[7,1,8],[8,3]]],[9,5],[]]
right: [[3,[],1,5,[[1,6,4,8,9],[3],[9,1,4],[]]],[5]]

Pair:  34
left:  [[[0]],[5],[],[[[8,4],7,10,3],9,[[5,6,0,1],[10],4,8,[10,9,2,7]]]]
right: [[[[0,7,8],[],6],[3,7,4]],[[],[[1,3,4,7,3],[4,2,7,9,6],4],[[0],8,[10,9],[0,9,9,4]],8,[7,[],[],0,9]],[6,10]]

Pair:  36
left:  [[],[7,10,0,[[8]],[[0,7,7],3,[0,2],2,5]],[[[]]],[]]
right: [[0,[[10,3,5,4,7],[8,3,4],[],3]],[5,3,2,10],[7,[[],5,[1,3,2,4]]],[[2,7],2,[0,[0,1,8],[2,1],4],[[0,10]],5]]

Pair:  37
left:  [[0,7,[9,10,6],[[],[2,7],0,[1,1,9,7]],[[3,9,3],10,8,7,[1,8]]]]
right: [[],[8,[[7]],2,[8,[7,2,10],[9,0]]],[6,9],[3]]

Pair:  38
left:  [[[[0,4,7]],[5],[8,[0,3,9,9,3],7,[2,4,8,2]],0,[6,1,8,4]],[[],5,8,[[5],7,[7,3]]],[[1,[3,3,0,7,8],3,10,[]],[[5,8],3,[10,0,2,3,8],[10,9]],8,[4,[10,2,3,4,5],7,9,5],7],[5,9,[0,[8,7],2]]]
right: [[2,1,[],1],[[]],[5,[[4,8,0,1,1],[7],10,[5,1,8,10,2],0]]]

Pair:  39
left:  [[2],[6,[10,[3,2,7]],3],[2,5,[3,10],9,[2,[9,5],1,1,[7,2,7,2,8]]],[[],7,[]]]
right: [[4],[[[0,7]],[1,4],3,4,8]]

Pair:  40
left:  [[8,7,7,[3,2,6],[2,[],[9],1]]]
right: [[1,[0,6,8],9],[[[4,6,5],0,0,8],10,7,8,[[],4]],[[[7,1],[9,4],[5,4,7,2],3],[[2,5,5,1]]],[],[4]]

Pair:  41
left:  [[9,7,[[9,1,2],3,1],3,10],[6,10],[8,[],[2,[10],0]],[9,[[0]],[[4,0,5,6],5,5,3],[]]]
right: [[2,[3,[0],[6,2,10,8,7]]],[7,8,6,8,9],[5,[[],1,[10,2,6],[]],[]]]

Pair:  42
left:  [[[2,[9,4,3],[7,2,9,10,5],[2,8,10]]],[],[[[7,3,4,0,8],8,[7,4,3,8]],[[],[4]],[5,[9]],[9,4,[],7,[5,3]]],[5,[[7,3,0]],[],4,0],[1,[3,[3],6,[6],[10]]]]
right: [[8,2,5,[9,[0,9,9,2],[],5,[0,4,6]]],[[[2,6,10,2],[1,4,7,7],8,7,[10]],[],6],[],[[[8,5],[4,4,3,7],[8,1,1],[4],7],5,3,4]]

Pair:  43
left:  [[8]]
right: [[[0],7]]

Pair:  44
left:  [[2,[[6,0,9,0],4,1,[2,9],6],2],[[2],7,6,[[8,3,0,2],[4,3,4,4,9],[5,0,1],[9,10],7]],[[],1,6]]
right: [[],[[[4]],[],[],[2,[7,10,0,1],4],[1,[7,9],[3,2,4,5,8],[7,9,1,3,8],0]],[],[3,2,6],[[[8,9]],[9,[10,6,1,0],[6,3,0],[10,7,8]],[3,0,10,[1,8,3,6,0]]]]

Pair:  45
left:  [[[],[5,[5,0,5,0,7],0,[]]],[[],[[7],4,[4,6]],[1,[6,6,3,0]],0,9]]
right: [[[[2,10,2,2,7]],6,[],1,7],[[4,10,[0,4,0,2],6],5,1]]

Pair:  46
left:  [[4],[[[0,10]],7,[[8],[0,0]]],[7,1,10],[8,6,7,6,[]],[6,[[6,9,8,9,9],10,7,0,[7]]]]
right: [[4,5,[2,10,[2]],7,0],[7,[],[[6],[]],[3,[],0,[5,3,9,1]],[2,[4,7],[2]]],[3,1]]

Pair:  47
left:  [[],[],[7,[[8,10,6]],[6],1,1],[8,[[2,7],4]],[]]
right: [[[[]]],[6]]

Pair:  48
left:  [[2,[[2,10,0]],[5,3,[3],2],7,[[6]]],[[9,[3,8,0,2,2],4],6,9,0,[9,0,[2,3,5,9],[8],0]],[[6]],[[[],2,[9,3],[2,5,0],9],[]]]
right: [[5],[10,6,6,6],[],[3,[2,[4,9],6,8,2]]]

Pair:  49
left:  [[],[],[4,[[9,10,10,8,0],3,[4,7,9,3,3],10],[[9,3,3],[4],[0],3,[0,7,1]],[[9,5,7,6,8],[6,1,5,10],4]]]
right: [[[[9,6,4,2],4],10]]

Pair:  50
left:  [[[[6,8,4],[10]],10,[8,[0],9,7],[0,9,[8]]],[[],[[]],1,[],[2]],[2,9,8,9,5]]
right: [[4],[8,[4]]]

Pair:  51
left:  [[[[],[6,9,0,0,7],5,[0,5],[]],[],[7,[6,10],7,[5,10,6,5,0]],[3]],[7,[],1,10,[1,8,[8],10]],[[[3],[7,6,4],[3]],[8]]]
right: [[[7],6,[[5,5,1,8]]]]

Pair:  52
left:  [[3,[[10,9],9,1,[4]],[[5],[8,9,1,6,3]],1],[[[6,3,10,10],0,1],[[8,10],[6,9,0,3,9],[5,10,8],8,0]],[6,3,[[],[6,8],4,4,[10,9,9,0]],[[8,0,0],[6,2],[9],[2,4,0,7]],[8,[10,5,8,4,10],0,1,2]],[[],7,5,[[4,3,4],[8,1]],[[0],5]],[6]]
right: [[[[9]],[],3,[5,8,8,[]]]]

Pair:  54
left:  [[[1,5]]]
right: [[[],[[6,0,2,5],[6,10,8,7,4],[],[9,2,3,7]],2,10],[7,[4],4],[[],[[6,8,2,8]],3],[[5,[],5,[7,3,6,5],[6,8]],[4],[5,2,[10],[1,1,6,1,6],[10,1,3,7]]],[]]

Pair:  55
left:  [[3,7,4,10],[1],[7,[[0,10,3]],[[5,1,0],[],1],[10,[1,7]],2],[7,3,9],[0,[],[3,[10,2,2],4]]]
right: [[[4,[7,6,4]],0,[[3,9],7,[7,2,4,6],[10,3,10],[6]],5,[9,9,[],[9,10,7,8],1]],[[[10,8],[8,2,5,0,9],[6,2,2,1,0]],[10,[2,0,2],10,[2,6,3,5,6],[6,6,4,9,8]]],[[9,1],[10,[1,5,10,8,1],5]]]

Pair:  57
left:  [[6],[[9,[],9,2,[4]],[[7,1,8],3,[1,10,7],7,[10,5,3,7,2]],[],8]]
right: [[10,[[10,2,0,8],[7,9],[10,5,5]],[2,[4,5,0,9,0],[7],[4,2,4],8]],[[5,2,[9],[3],8],[2,3,6,[4,7,6,6],[4,5,1]],4,[[5,0,6,3],7,3],[[3,4]]],[7,[2,[9,4,5,0,0],6],[[10,6],[2,7,6,10,5],8,1]]]

Pair:  58
left:  [[[6,6,[],[]]],[],[],[4]]
right: [[[[],[9,9,9],5],7,8],[[10,[9,2],8,2],[[1,8,8]]]]

Pair:  59
left:  [[[9,[9,2],[],0,[6]]],[[9,[8],[7,10],[1,1,1,7]],8],[1,[[3,6,9,5,5],[],[0,4,3]],3,[],[[8,3,9,2]]],[[3,6,0],0,3,3]]
right: [[[[],4,[6,0,10,0],[2],1],0,1],[[4,[6,9,10,9,0],[9,10,1,7,6],8,[7]],9,7,5,[5]]]

Pair:  61
left:  [[3],[[[9,0]],[6,[]],0],[9,[5,3,1]],[9,[],10]]
right: [[],[[6,[4,7]],0,4],[9,[],[6,9,[2,7,5],[],[1,6]]],[7]]

Pair:  62
left:  [[[[0,4],6],7,1,8],[],[5,[[9,5]],9],[]]
right: [[[[9,8],9,[]]],[[8,4,2],[6,10,[],[0,3,5]]],[],[8,4,[[2,0,3],[],10,[4,2,3]],9],[[8,[10],[8,1,3]]]]

Pair:  64
left:  [[7,9,6,5,7],[1,[1,5],[9,9,[6]],[5,[]],[[1,5,0],[],[4,10,4,9,7],[6,0,10]]],[3],[[1,6,1,[7,8,0,10],[4,9,8,9]],3],[[[8],2]]]
right: [[9,7,2,3,[[5,3,8],0,[],[0,8,1,4]]]]

Pair:  65
left:  [[4,[10,0,4,7],[],[[1,6,8,8]],4]]
right: [[[],3],[1,7,5,5,[3,[8,0,7,8]]],[8]]

Pair:  66
left:  [[[],10,2,[[]],[[0,7]]]]
right: [[1,[6,[6,5,8,0],[9,8,3,9,7]],[[0],[5,3,2,7,10],[9,9,10],[8]],7],[[7,[1],5,[3,6,0,3]],0,[],0,[3,[3,10,6],[8,9],8]]]

Pair:  67
left:  [[8,[[2,4,3]],[7,[7,1,10],1,7,7],[[4,1],[4,9],[8],10,0]],[3,6,[[8,10,10,4],4],[3],5]]
right: [[4,[4,[]],[[2,0,5,4,8]],[[6,1,4],[8],3,[4,8,0,1],[]],[[5,7,6],[5,2,6,0],3,[4],10]],[[5,0,[2,7,5,3,5],[9],1],[[4,0,10],[4,3,9],[1,10,5,5],4,7]]]

Pair:  68
left:  [[8],[[7,1,6],[[10,0],4],[],0,6],[1,[6,[7,1,0]],4],[9,0,[10,4,[],[10,3,5,7,9]]],[9,5,2,6]]
right: [[5],[1],[[[4,1]],0,0,10],[6,[],7]]

Pair:  69
left:  [[[0,[5,6,10],[5,1],[4,3]],2,[7,[9,7,9,6],[],7,4],[]],[],[[],0],[[[8,7,3,8,6],10,1,[],[10,2,8]]]]
right: [[[[3,10],[],[4,1],[5,3,9,5,2]],6],[5,7,[6,7]],[1,[],10]]

Pair:  71
left:  [[[2,5,[10,8,3,8,1]],7,[[3,3,9,2,9],[4,8,2],3],2],[[5,1,3,3]],[[],7],[[3],5,6,2],[[[],[6,2,7]],10,[[7],[5,10,4,0],[7,7,7,6,5]],5]]
right: [[[2],[[9,6],2,[4,2,0,6,5],9]],[0,2,[[8,0,2,6,7],9],[6,[3,10,9],[2,4,0]]]]

Pair:  72
left:  [[4,4,[10,[5,5,3]],[2,2,[8,2,1,9,0],9,[]]]]
right: [[[8,[9,3,9],[7]],0,[6,[10,6],5,1],[0,[4,6,4,7],10,[4,6]],7],[0,0,5],[],[[9],[[4,5,1],[9,2,4],7]],[[7,[2,10],[10,7,5],[10,0,9],[10,7,4]],10,[10],[8,[3],[3,4],[0,2,10]],0]]

Pair:  73
left:  [[[[1,6,1,8]],0,2,[0],1],[[],[8,8,10],3],[9],[[0,[5],5]],[9,[3,[4],[2,5,9,2],6]]]
right: [[10,8,9,2],[3,[],[],0,[8,6]],[[[7,3,10]],6,[7,3]]]

Pair:  74
left:  [[[[6,3,4],3,[],10,[5,2,10,5]],7,7,6],[[[10,5,9,5,8],[],[0]],4],[[1,6,10,[8]],6],[5]]
right: [[1,8,[[],6,[3,0,1,2]]],[[[7,9,1],4,1,9],8,[[2],7,[2],2],9,2],[1,3],[],[[[1,3,10,5,10],[],8,[10,9]]]]

Pair:  75
left:  [[4,9,[6,3,6],[[9,9,9,1],[1,8,1],10,[6,9,5,4,5]]],[6,8],[7,9,5,[]]]
right: [[[],[[1],5,[4,2,9,10],9,6],0,[[],3,9,[3,10],[4]],3],[0,9,[[4,9,4,2],8]],[6,0,7],[2,[2,[6,0,6,2]],4,[8,2]],[[[10,6,4,8],[2,9],[1,2,10]],[1,2,[],[2,4,9],[7]],[6,[10,1],7,6,[1,3]],4]]

Pair:  76
left:  [[],[],[10,9,4],[[10,[0,6,0,9],[5,0,7],10],5,[6],[[8,8,3,6],[3,6,0,9],[9],[7,4,8]],[[5,9,5,4,6],9,[6,0,10,0],[0]]],[[[4,10,5,8],[0,9],[0],[6]],[[8,5,3,1,8],6],7,2]]
right: [[7],[[3,[7],[0,8,4,7],6],0,[],10,5]]

Pair:  77
left:  [[[10,1],[],[9,9],[0,[],7,1],2],[],[[],8,[[6],5,[],[4,1,1,2]]],[8,6,[[2,3,3,4,7],[6,7,5],[3,8,9,10,3],1],1],[[[1],[6,1,0,2]],[8],7,6]]
right: [[[[5,5,2,2,2],0]],[1,[[2,2,6,1],[6,8,5],[5,8,0],[0,0,5,7,6],10]]]

Pair:  78
left:  [[9],[3],[]]
right: [[5,4],[5,4,2,0]]

Pair:  79
left:  [[[],3],[10,[0,9,[10,10,0,8,10],[3,9,2],7],7],[],[9,[[1,9,6],[1,0,5],[],[9,2,2,3,1]]]]
right: [[8,[[2],[],[2,3,4,1],0,[4,7,4,2]],[[6,7,5,6]],4,6],[[[],1,7]],[[]]]

Pair:  80
left:  [[],[2,[8,[4,9],[],[8,0,8,7,8]],5,[[10,5,1]],3],[0,3,[1],5]]
right: [[],[[8,[4,4,4,10],6,[5,4,6,3],4],[[],[5,9,6,10,8]],[[6],6],9],[[[0],[5,4],3,5,[0]]],[[[10],7,[10,8,3,0,5],2,[4]],7,[[8,7,2,6],4,3,[8,0,5,2,6],[6,3]]],[[[],4,3,7,[6]]]]

Pair:  81
left:  [[0,2],[9],[[[6,4],[7]],0,1,7,8],[],[7,[],[6,1,[],9,[]],6,[]]]
right: [[[[7,0,1],[1,1,3,9,9]],[[7,3],0,[]],8,[4,[3,0,2,7,6],4,4]],[6,9,[0,7,[5]],7,[[8],[0,1,9,2,8],1]]]

Pair:  82
left:  [[10,[[4,7],[0],[4],[8,2,7,2]],4,1],[10,9,9,9,[]],[[2,6,[8],[7,3,8,9]],[[],8,[1],[7,1,8],[0,9,10,8,8]],[4,5,[5,2,4],4],3,[6,1,[]]],[[0,[7,6,0,9,2]],1,[]]]
right: [[],[],[4,2],[]]

Pair:  83
left:  [[[0,[8,4,10],[]],1,10,0,[[7,2]]],[8],[4,[],[[7]]],[10,10,[[0,10,5,0]],[7,7,10],[]],[7,[4,[7,6,0,9,3],3,5],10]]
right: [[[4,[5,2,0],[0,8,6,1,0],2,3]],[0,[10,[7,10]],[5,5],[[],[7,5],8,[2,9,4,5]],[[3],[10,9,7],9,[10,4,4],[3,10]]]]

Pair:  85
left:  [[],[10,[],7],[[0,8,[],4],[]],[],[8,0,[1,5,0]]]
right: [[4]]

Pair:  86
left:  [[[8],0],[[[2,5,4],[],2,1,[3]],[7,9,2,7],6],[6,4,[6,[9,2,3,3,2],[1,5,6,10],9],1],[2,9],[0]]
right: [[[0,[0,9]],3],[[6,[7]]],[[[10,2],[6,3],4,0],[4],3,[6,[7,0]],[]],[[0,3],[],[]]]

Pair:  87
left:  [[3,9,5],[[[10,2,7],[8,0],[],7,[3,2,4]],1,9,[]],[3,[[4,0,7,0,6],1,2],3,[[],[4,6,2,9],5],[]],[[[2,7,4,10]]],[4,[2,[],[2,0,7,9],3,3]]]
right: [[6,[0,[6],9]],[4,[],[]]]

Pair:  88
left:  [[7],[2]]
right: [[],[1,[9],10,[9,[10,10],9,10]],[[9,1],0,[10],5]]

Pair:  89
left:  [[[[4,8,4],[10,6],[5],4,9],[[10],[8],[0,2],9],[[7,7],[]]],[[]],[[10],[6,0]],[3,7,[],[[10,9]],[]],[6,[4,5,2],[],10,8]]
right: [[[[4,3,4,10]],10,[10,7,5],[[10,0,8],5,6,4],[]],[[0,[7,3,1]],[5,6,0,5,10]],[7],[[[],10,[],[10,5,9]],[7,[5,2],0,2],[]]]

Pair:  90
left:  [2,10,2,8,8]
right: [2,10,2,8]

Pair:  91
left:  [[[7,2,[8],2,[7,5]],10,2,[],6],[6,[6,5,[1,7,5,2],[]]],[],[1,[[9,0,9],[10,6],4,[10,6,9,9,8],0]]]
right: [[8,0,6,8,[]]]

Pair:  92
left:  [[],[[7,[2,6]],0,8,[[1,0],[4],10,[5,10,3,0]]],[6,[[9,2,7],[3,0,5,9],[0],[]]]]
right: [[6,2,[[4],3,9,0],[[4,3],[10,7,9,9]],[6]],[],[5,7,5]]

Pair:  93
left:  [[],[6,5,[3]],[]]
right: [[],[[7,[2],5,4,1],3,[[]]]]

Pair:  95
left:  [[0,[]],[5],[2,1,2,8],[4,3,[[],[6,8,0],[6,2,9,6],4],3,6],[[[10,5,10,8],[2,2,9,10],4,8,7],2,4]]
right: [[0,[[7]]],[],[[1,5,5,[3,2]],[3,[],[4,6],3,[1]]],[4],[[5,7,9,[6,6,1,6,1],[8,8,6]],8,[[],[]],10,10]]

Pair:  96
left:  [[[9,[2]],[1,5,7,[3]],1,10,0],[],[[[0],[10,1,0,3,0],10,[2,8,5],4],0,[[2,5,6,7],9,1,[]],[[9,6,3,10,5],[4,8,0,5],[7]]],[9,0,[[9,3,10],[4,0,8],[7,8],5]],[[[4,3,1,2],[6,1,10,1,0],6,[0],[5,5,3,2,3]],9,[8],[[1,5,5,1],[2,5],[1,1,0,2],8]]]
right: [[[],2],[0,6,1,0]]

Pair:  97
left:  [[],[8,3],[],[3]]
right: [[9,[]],[8,2,[1,3,[8,9],[4,9,5,5,6],0]],[]]

Pair:  98
left:  [[7,[]],[[0,3,[6,9],[2,3,10,1,5],2]],[6,[[6,9,5,0],[7,6,5,9],[4],8,2],[[5,5],[],5,[2,3,0,4],9],[[0,9,0],9,7],9],[6,[8,4,5],7,2,1]]
right: [[],[],[],[[9,[0],[0,5,3],7,8],[[9,9,3,10,10],[],[2,2,1],7]],[[[7,9,5],6,[4,7],4,4],10,[[10,1,0,9,2],[]]]]

Pair:  99
left:  [[[[2,10,0,7,9],9,1,[8,2],8],[],[]],[1,1,3,1,[[2,7,9],[6,0,6,7]]]]
right: [[],[]]

Pair:  100
left:  [[],[6,[5,5,[5],4,6],[5],2,9],[],[6,[[3,2,8,6,3],[0,7,10,10,8],[],[2]],[[5,9],5,1,[1,9,6,3]],[[5,2],[5,7,4],[8],5,[4,6,1,4]]],[5,2]]
right: [[7],[9,[7,[0,1,2],[5,6,3,7]],7],[8,3,0,3],[2]]

Pair:  101
left:  [[[5,7,7,[2,8,6,6],[5,9]],7],[5,[0,1,[9,0,8,3]],[4],10,[4,5,[8,6,4,3,3],[2,6,9],[0,5,5,1]]],[]]
right: [[7,[6]]]

Pair:  103
left:  [[0],[],[8,[[10,8,9,9],3,[],5]],[]]
right: [[],[[[7,5],[6],7]],[7,4],[]]

Pair:  105
left:  [[10],[[[3,4,2,4],[4,3,6],1],[10],5,2],[[8,0,9,[8,1,2,3,10],[7]],9,[],4,[10,8,2,3,[]]],[[[6]],[10,[9,6,1,2,1],[9,4,3,10]],3,8]]
right: [[[[]],6,[9,9],[3,7],[[],[7,0,3,10,6]]],[],[[10,[],3,[]],3,7,[[6,6,3],3,2]]]

Pair:  106
left:  [[[[],[10,7,0],[9,3,9],[1,4,9,10]],9,10,7],[[[8,3,9,3],10],[[10],8,[3,1,0],10,[3]],10],[[2,9,[0],2,8]],[[[4,9],5,1],[0],2,7,4]]
right: [[5,3,3,[]],[],[],[1,3,[5,9,[2,8,10,10,5]]],[[8,10,1,[0],2],9,0]]

Pair:  107
left:  [[[[5,2,2,5],3]],[10,10,[[1,5],5,6,4],[5,6],[[6],3,[10,7,2,3],9]],[[2,[2]],10,[8,[],7]],[]]
right: [[],[10,1,4,[4,[4,2,9,9,5],0,8,9],[[],7,[3,0,9],[],[6,5,10]]],[0,[[3,3,3,7],[1,7,7,10]],[[]],[[3,0,6],10,3,[]]],[8,8,3]]

Pair:  108
left:  [[10],[[[2,10,3,5,9],9,[7,5],0,[]],[1,0,[],[1,0,7,8],[4,6]],1,10],[[[4,8,7],1,[1],[]],9]]
right: [[[6,2,6,[9,8,7,6],[]],7,[[8,7,8],8,[4],2,[3,9,1,7]]],[10,[[4,3,6,1,2]]],[6],[[[0,10,4,1,10],7],6,[5,[9,8],[4,6,3,10,2],[7,7,4,1,5],9]]]

Pair:  109
left:  [[[],[9,[1,2],[8,10,3,6,6]],[2,7]],[3,[7,3],8,9]]
right: [[5,9,8],[2,7,[6,5,[0,9,8,2,0],1,8],10],[],[7,2]]

Pair:  111
left:  [[6],[[4,[10,9,9,7,10],[0,10],10],[[8,1,0],2,[4,1]],[9,7,6,0,7],[[3],2,4],[[4,3,2,10,3],0,3]],[[1,[0]],[0,4,0,[]],4,6]]
right: [[5],[6,3,6,8],[10,1,2],[[7,[0,1,3],[8],8],[[],[1,3,6,5],0]]]

Pair:  112
left:  [[0],[8,6]]
right: [[[10,[2,9,6],[9,6,10]],[],[[10],8,9,10,8],5,[]],[[[8,0],4,[],[6,7,7,2]],[[5,6,0,1,9],[8,6,2],[9,1,4,6],2],[[0,8,2,10]],[[8,0,0,7,10],[3],7],[[5,7,1,9],2,[7,0]]],[[[],9,4,7,[7,2,1,0]],9],[],[[1,[7,8,1],[7,7],3,0],[4,[3,4,8,4],[8],[0,4,4,5],[4,6,1,8,4]],[7,4,3,1]]]

Pair:  113
left:  [[[5,[5]],[10,7,7]]]
right: [[[[6,8,6]],[[]],7]]

Pair:  114
left:  [[10,[[],5],8,6],[[8,[],10],3,[[2,0]]],[[5,[3,6],[]],5,4]]
right: [[[0],1,8,[],4],[7,[0],10,[[2,7,10,0],6,[],[8,4,4,4],[1,6]]]]

Pair:  115
left:  [[5,4],[9,[]]]
right: [[5,3],[],[],[2,6,[7,[]],[0,[0,5],5,4],[]]]

Pair:  118
left:  [[[[8,6,3,7,5],[7,10,6],10,4,[]]]]
right: [[],[[[10,4,6,5,10],10,[4,0,9],[],[]],10,8,[[]],6]]

Pair:  119
left:  [[[[]],10,[1,5,[8,9,3,2],5],[[5,9,0,3,1]]],[[8,[9,6,9,10]]]]
right: [[[[7,2,0],0,[1],[3]],[0,3,3,4,5]],[1,9,[2,8,[2]],[[7,4,3],[]],8]]

Pair:  120
left:  [[10,9,10],[9,[],6,[10,10]]]
right: [[[[0,0],[1],3],0,1,[0,2]],[1,4,1],[8],[3]]

Pair:  122
left:  [[],[10,[],[3,[],7]],[0,8,[]],[[]],[9]]
right: [[[8,[6,7,2,9],6,3,8],[[6],[6,5,1,7,1]]],[],[10,0],[],[[1,[2,3,10,10,5],6,10,[4,1]],[],10,[],[[8,10],[4,5,5,7,6],[],[3,4,1,10,4],0]]]

Pair:  123
left:  [[[[2],8,0],8,1],[],[0,10,7,[[0],2,10],9],[[],7,5]]
right: [[1],[],[10,2,[],[2,[6]],[1,[1,4],[4]]],[1,2,8,5,7]]

Pair:  125
left:  [[10,[1],6,[],[2,2,10,[6,9,8,1]]],[],[]]
right: [[10,[[5,6,7]],[1,[5,1,8],[2]]],[8,0,[],[[1,1],[10,4,2,0]]],[],[6,1,[0,1],8,6],[]]

Pair:  126
left:  [[2],[4,[[2],[2,0,7,7,2],5,5,4],8],[10,[[],[2,2],[8,2,2,2,0]],0]]
right: [[1,[[6,4,4,10,7],[],3,[10],[5]],2,9],[],[[4,[6,3,4,4,0]]],[10,4,7]]

Pair:  127
left:  [[5],[4,6,[5,0,2],0],[1,9,[[5,0,6,8,1]],10],[[[8,4,4,7]],[[6,0,8,3],[3,1,4],7],[3]]]
right: [[10,[],3,9],[0,[6,7,[1,7],[2],[]],3],[[[10,9],4,[9,0],[9,7,1,1],7],[1,[0,7,10,2,5],[2,6,7],[2,4,3]],6,[4,6],[]],[]]

Pair:  130
left:  [[8],[[2,[],[2,5,2,1],[5],[3,0,10,3,9]],[4,7,[],3],3,2]]
right: [[[2,2,[6,3],8,[5]]],[[9,[2,6,4]],7,10,[2],2],[5,9,[8]]]

Pair:  132
left:  [[[[6,7],[3,2,7],[5],2],10],[[9,[4],0,[6,8]],0,2,[[5,7,1,2,0],[10],0,[],[1,3,9]],[[8,4,1,1,1],[1,5,7,7],0,9]]]
right: [[10],[3,6,[[]]],[9,[[3,7,8,3]],[9,[6,10,2,7],[2,6,9]],6,[8,[]]]]

Pair:  133
left:  [[4,6,[[0]],[[10,1,10,8],7,3]],[[[10,0,5,5,4],10],[],[3,[],0]]]
right: [[3],[],[],[5,2,0,10],[4]]

Pair:  134
left:  [[[[9],[7,10,9],[10,3]],[[],[7,5],4,[2,9,8],6],[],7,10]]
right: [[[7,0,4]],[],[[[3,8],5,5,[1,10,6,10]]],[9,[10,[3,2,5,9]],8,[[],[6,6],10,10,[4,3]]]]

Pair:  135
left:  [[5],[],[[6],4,[]],[],[[[2],[8,2,4,3],1],[7,1]]]
right: [[0,[[0]],6],[[[],1,7,[2,3,1],[]]],[4,8,3]]

Pair:  136
left:  [[6,[[5,2,3,8],0,6,[7,4,0]]]]
right: [[[[2,0],[4,6,4,6],[10,0]],[10,7],[3],[[7,8],[3,3],6,[9,2]],7],[1,[],[[6,5]]],[2],[4,8,[9,[1,7],4,1]]]

Pair:  137
left:  [[5,8,0],[[[5,8,8]],[[2,10,4,0,0],[1,3,6,6]]],[[],[[7,2,10],10,8,5],10,[1,[3,10],[6,3,0],9]],[[0,[],1],[3]],[]]
right: [[4,[0,[5,2,7,0]]],[4,4],[6,[]],[6]]

Pair:  138
left:  [[3,[[0,5],5,[7,4,7,7]],[],[3]],[8,[],2,[[8],[9,9],[6,10]],[1,[10,8,7,0],10]],[8,2,[9,[9,3,4,4,0],7],[[7,6,3]]]]
right: [[[5],1,[8,3,4],2,5],[]]

Pair:  139
left:  [[[[0,5,4,3],7,[3,9,10,0,5],[]],[1,[1],9,[2,0],8],[[9,10]],0],[6,[[0,10,4,1]],6,10],[10,[3,5,[2,9,6,8,4],[0,0],3],6],[]]
right: [[],[4,7,9,[0]],[]]

Pair:  140
left:  [[6,1,[[],5,[7,7],1],[2,[5,1,3,7],[10,7],[]],9],[],[[[]]],[[[],[7,9,4,2,1]],[10,[2],[1,9]],[2,[8,3,0,2],5,1]],[[9,[1,9,3,9,1]],[],8]]
right: [[10,[10,[9],10,6,9],1,3,[1,[6]]]]

Pair:  141
left:  [[],[[[],[9,5],[3]]],[5,[[7],8],0],[10,2,3,[[0,3,3],[6,0],[0,4,7,1,9],[]],6],[[[2],[3,5,10]],1,[[],[6,0],2]]]
right: [[7,[[3,10],7,[5,0],3],3,8],[4,[[3,0,6],4,5,[6,0,6],9],4,[[6,2],[8,7,6,3],10,[1,6,6,9,7],4],[[2]]],[[[],[],1],[[4,10,9]],7,[]],[[5,[4,5,4,6],[3,8],[9,3,4],9],[[8,5,9,4,0],[7,1]],3,[5,[]]]]

Pair:  142
left:  [[[1,[]],[[8,5,2,8],2]],[[],3,2,[]],[0,[[7,8,8],7]],[6,[],[[3,6]],[0,8,[5,9,5,8],[2],6],[]],[[],[7,[6,8],6]]]
right: [[[10,[],4],9,[[2,8,4,7,1],[8,5,10]],[9,8,9,[],[]]],[4]]

Pair:  144
left:  [[10,3]]
right: [[[[2],6,[],1],1],[],[6,[6]],[0]]

Pair:  145
left:  [[8,[8],3,0]]
right: [[[3,1,1],9,2,4,[8,[0,8,2,10],9,7,5]],[9],[[5,[6,9,6,2,10],[10,10,8],[1,1,5]],5,[6],4],[6,2],[8]]

Pair:  146
left:  [[[2],[[9,9]],[[8,4]],[9],[[8,1,6,3,3],[]]],[8,[6,6,6,2],3,7,8]]
right: [[],[],[[[],2],[2],6,[[],[7,9,8,3]]],[0,3,10],[]]

Pair:  147
left:  [[[],5],[3,[9,4,0,8,[3,10]]],[7,[7],[6,0,7,10],5,2],[]]
right: [[1],[6,[[5,10],[6],[0,3,0,7],8,[9]],[],5],[6,[6,3,[8],[3]],10],[4,[[10,4,1,3,3]],[9],[[],8,[],[0,0,10,7,6]]]]

Pair:  148
left:  [[1,[[1,4,5,7],10],[[5,5,9,0]],10,[8,[4,6]]],[2,0,6,[6,[5,10],[1]],2]]
right: [[[],9,0,[[3,0,8,6,1]]],[[[5,6,3],[9,5],[3,4,3,3,5],[9,8],[2,5,2,2]],0,6,8]]

Pair:  149
left:  [[[],[[],9]],[5,5,[4,[7],4]],[[]],[[6,[],[0,2,1],[0,0,7],[5,4]]]]
right: [[],[[[8,2]],[[5,4,1,5],[],8,3,2],[]],[[[9,1,10,2],3,4,[10]]],[[[]],7,[10,0,4,6]],[]]

What is the sum of the indices of those pairs? 1921
> Time elapsed is: 2.171292ms
